 0.73195990384510246 0.24519811873421099
 0.6284578405352772 0.84221395352133743
 0.17993897017128796 0.57464099007897973
 0.39336944986501982 0.28542100375466245
 0.96992986773851497 0.66063723352451931
 0.55257937866433948 0.14903857723727582
 0.869111734585998 0.88167176582609297
 0.34819853079401514 0.5832009483764895
 0.86862008966485904 0.18447724906849
 0.26824879274916008 0.84356255524208446
 0.95290798165116597 0.61613362477918909
 0.089752468260363913 0.79130233164106056
 0.46524847430145772 0.52764762724227898
 0.81211893842355254 0.53858535467320434
 0.44696700270382334 0.89964365755762188
 0.48935907029194353 0.72026618175977875
 0.71503532075388776 0.62615353889476744
 0.84287422498073816 0.82004104895901875
 0.72777608883566558 0.045908782575004012
 0.61296094427105496 0.13592048005108665
 0.54076958675556364 0.54682456016730874
 0.88304572782680879 0.088126610591320362
 0.038406831903650171 0.010095221198436356
 0.32458144434183961 0.827786865465307
 0.12316309956994513 0.40980437229590966
 0.41422349839603684 0.030931475419711352
 0.85427049566291335 0.058210174478096663
 0.86590192288422896 0.54411812313777363
 0.53041280477336394 0.83078443725038509
 0.869896822890875 0.66817787653838212
 0.75902100432770847 0.64737742461425374
 0.0097469176641449724 0.17598070258073012
 0.68393335096805852 0.91148617139117527
 0.41269612584837184 0.62103563289395702
 0.80415001677811437 0.066035934710412733
 0.015266471858205889 0.56018520077797174
 0.04495775401507289 0.14450099628992347
 0.080276045382351377 0.45619155428667763
 0.20918855903425398 0.69304372985060914
 0.1767509537231356 0.86670868566271841
 0.28382153558988593 0.073695863345882781
 0.054165845004751231 0.40693095524544315
 0.2885171361081908 0.39055884998796947
 0.82839432880812647 0.63885699058325029
 0.61920291353498669 0.44829049438607554
 0.95098557975289 0.71898567842006167
 0.56046362806355254 0.38150621340576379
 0.62786820516891906 0.7450119164313026
 0.25447064294015725 0.18496951502019549
 0.86768938167843801 0.53115299555584827
 0.41963968651049682 0.62816684623668773
 0.63271522050306361 0.14229672302598623
 0.44167641476123082 0.077612308997624321
 0.97668232804112443 0.43200540504307366
 0.49945467945543714 0.80146551673560573
 0.91047763181255614 0.80507391561230957
 0.7201283742648551 0.38695312863796177
 0.24856464284581575 0.45804534968400662
 0.72256732547136593 0.94573458913351405
 0.3172696878945816 0.57798018096230586
 0.15862306330287762 0.39177802619421459
 0.710214114285174 0.48339758172610597
 0.44597984665553153 0.45373862529247383
 0.43751342920047182 0.71884117898593991
 0.11393454913777638 0.49521213464516406
 0.4662310379464471 0.060445323485258926
 0.67657247371065277 0.66914348429122694
 0.072226360588765234 0.49463368514941825
 0.15100055919269867 0.70888175307301082
 0.092135627060918532 0.58672476042651089
 0.16063780325857552 0.61394236642512001
 0.011230468550868556 0.45940065301531602
 0.59517479040790544 0.97836733152977184
 0.62467391516674819 0.45714584691092092
 0.55119264626189812 0.92964153861258625
 0.34208484482194629 0.62941749225022381
 0.48231682998327768 0.35978624148333055
 0.73978340059255943 0.94443034569863238
 0.48174179823209745 0.52147356106965759
 0.29006242630990869 0.67353652290419219
 0.37094313420941633 0.90392514771543675
 0.24136815294489194 0.97483803226332921
 0.67629827630293837 0.29442851063794323
 0.025577532058937247 0.35603133887863975
 0.52306751492310155 0.65878899526496559
 0.64433525868758712 0.63565935287572739
 0.23394430864145571 0.026904606520167174
 0.78236934307077388 0.97177147372619088
 0.0030210463882231363 0.48135741169874019
 0.062651008635980096 0.3686046037994351
 0.78857859566526378 0.3388970870030103
 0.073117494229690758 0.96454291330727837
 0.82225407584577437 0.78525319206455191
 0.31714714739334188 0.033568370394146438
 0.10104694533186913 0.33805957230582634
 0.36679431687049963 0.88552436611893892
 0.15269200387682286 0.49378164599107127
 0.6258884447597487 0.17368389829075942
 0.94911876519650451 0.081473531261932061
 0.7755353378253802 0.94095542467037574
 0.67201682971793919 0.18178627517551332
 0.38957763392311612 0.065884175885687554
 0.47127316230089883 0.43380902825140472
 0.31446765180293018 0.66910623695483873
 0.63925619202324968 0.81684554078167337
 0.21714203835500306 0.47419128128482352
 0.52662967899117641 0.31431380689428939
 0.68976701081128966 0.14503712110761496
 0.72845232659487347 0.79533964804301005
 0.42777278641321265 0.80250988000161894
 0.65155844367185112 0.24381829965607821
 0.8192585163363546 0.44272308823502965
 0.75959470067691026 0.24220993311541389
 0.67582368231401835 0.25476496499427842
 0.77127297715665299 0.1670238956199343
 0.18652306339272157 0.02399080566980798
 0.87138193108127482 0.36904004877476698
 0.012424988148022554 0.49137854493418315
 0.65828879725155709 0.59895986133626256
 0.95848574311253787 0.92469849869935139
 0.864892597344738 0.65500005504246284
 0.17030047334635706 0.37770451937224386
 0.98826340042211858 0.17150398878842804
 0.89757055269572072 0.82202338335094682
 0.96174142059760392 0.81970707477058979
 0.014440501214099389 0.44497083102343565
 0.64674308496345745 0.47684803210895094
 0.065230110442834596 0.0091311307680809646
 0.49053512567556717 0.87094923761513454
 0.36333495642265173 0.48017129173919365
 0.96281915281534802 0.30842397750973755
 0.36478903229984144 0.6784446129372802
 0.42327805519352374 0.68716135701451819
 0.89127745468647279 0.14624263728206827
 0.17737515565247769 0.11274658463222369
 0.32463590427522521 0.96739174583960164
 0.24172838901321253 0.69361799797461887
 0.1750010751836843 0.58490716376812779
 0.67647544110358027 0.10878222436854205
 0.95017903047576857 0.29731670643139757
 0.78098963422694578 0.58523767387656223
 0.10306973131541146 0.96374829252856264
 0.80191115506139465 0.16491773488237366
 0.67307603707665931 0.65227476678561369
 0.17917826720806312 0.78714483115692757
 0.82346426907754233 0.42043835885360542
 0.93946863126655433 0.63465099770760625
 0.4982418645907038 0.17490171542806682
 0.10833556085436717 0.42135785167469414
 0.36100267198613528 0.092019694004021921
 0.27997834346769296 0.33160934028895311
 0.17873967412902686 0.58871000569744814
 0.43471906531114896 0.81753754150260294
 0.063150873912222447 0.30650109744657433
 0.59941398478135166 0.081522255200727353
 0.77146618598336747 0.98600398567278413
 0.37143481183431387 0.38536913592400884
 0.97415848975776387 0.10170711479518228
 0.85032416907218378 0.078229901516486497
 0.85847824047736099 0.87161772067547394
 0.81896348209202763 0.38380072547804117
 0.70695516005694714 0.51665787165212396
 0.77086756113339328 0.42317632187177517
 0.099273933414018842 0.00062811080043205796
 0.56732468479706732 0.10201623778252104
 0.90171780208434849 0.82552968231497426
 0.0028885875067094389 0.35762457954681842
 0.81708234475958275 0.76321264406918821
 0.46153947523951161 0.74117205308516854
 0.29724005660302916 0.20595049638278845
 0.025200470005541532 0.20402445730189783
 0.073293319480697214 0.62648792065389491
 0.47578332495871317 0.21766796477873546
 0.69714512445291821 0.7914645112846761
 0.27105265862199895 0.27890668345503861
 0.22509992631907799 0.57977432305989463
 0.68105409722030696 0.99787605559034287
 0.67093217593286214 0.12682455997808501
 0.18074665925882133 0.79494758689590617
 0.47849418682870631 0.40669279051797819
 0.96734377793198056 0.79076559696377802
 0.41347251632647247 0.7512238107060546
 0.77154770920143367 0.98493600765871592
 0.31142418279054535 0.80782658279268282
 0.99578346575056365 0.42686425377477938
 0.64888227583426894 0.2361387526697864
 0.20683652115609014 0.10787378627003634
 0.63218653406167036 0.0021684834138214091
 0.57457885684561161 0.36993477946127057
 0.63850286404628953 0.4952708211204126
 0.32762782963222087 0.58813807062425927
 0.69161260322120299 0.74631275932160379
 0.075145123090905194 0.57308908457081986
 0.55281863254788821 0.2553480026256279
 0.84966368413804993 0.82539893770972772
 0.37069431220529753 0.55468244691149815
 0.12647228175362485 0.81968068214588075
 0.60492891542349903 0.81895248304188351
 0.30431436544690155 0.14126512053119961
 0.21107143666662848 0.1947455485611978
 0.47172638557444374 0.65813304380041004
 0.39338995709988495 0.31497313625812845
 0.62682138205399163 0.46850225975204335
 0.44220557774680885 0.86836927361935312
 0.77459039575595312 0.4070224164131338
 0.074093381847744541 0.71838782253121658
 0.96032243885238566 0.19685856444652733
 0.43289927945589796 0.60595331593749135
 0.68411094720670995 0.47033949526484692
 0.82339811250244899 0.24048990037769052
 0.17757650246472606 0.41253777813640108
 0.36677291307823406 0.2461401321946079
 0.046622031550037898 0.23203817788527287
 0.60495366940267115 0.98762623664354343
 0.10046041752333838 0.45303002343295667
 0.9847221757720106 0.9322509689193188
 0.064811644622931028 0.90361437924434962
 0.24967343448796525 0.41836498206922118
 0.71918420546819661 0.4677439296656471
 0.28638597332439325 0.22588962602024404
 0.77917263128024317 0.76761305281810699
 0.62596511671334532 0.12403763563787966
 0.60950780888149814 0.51312283927406788
 0.89073492205720783 0.56956195921733188
 0.65186445656156744 0.63633020823947417
 0.67383911431386379 0.095195552951293824
 0.22391464764664665 0.016467578534679884
 0.10304887408227641 0.22847293492118331
 0.35307659104384231 0.93812216396017212
 0.35953040378011508 0.13523489538224703
 0.61520002462071 0.69029507497167408
 0.34500946591652154 0.55480990693104937
 0.98491615231860141 0.49793413117256174
 0.99963194403647671 0.28981740837725029
 0.79822867064644976 0.69074659846182296
 0.77889567816495842 0.53554418568286255
 0.19679650969977452 0.68747436307299881
 0.90371453570130289 0.97390169957787387
 0.53864397474635695 0.375777138723913
 0.45591571594806618 0.8504397037767597
 0.79861509490701155 0.60695990985104686
 0.038209165108448559 0.1025010303309946
 0.21167488970701337 0.12766675539223554
 0.36099407730060012 0.055815406060350889
 0.86043789477714372 0.56076532676158775
 0.38656743849700886 0.60467409879226397
 0.64208776678625623 0.59028605303567627
 0.72498914206441156 0.24887600888918088
 0.57094330271923832 0.31578637654623215
 0.084305176781625454 0.74757440628084493
 0.83807361572805905 0.76694515251901163
 0.095105341847791777 0.89690559396481151
 0.39143258727255276 0.43488258590617007
 0.58254415313875674 0.26998883749778163
 0.026807741517933126 0.24269543704251434
 0.88997447872079316 0.2447639847397724
 0.98620615070145989 0.12122263434527585
 0.57953305391061116 0.86748216323805449
 0.12042143429549727 0.84617753277382435
 0.46760204389159804 0.43590239882588738
 0.52040147200734221 0.93462941097198848
 0.2822510447395305 0.99526821840510504
 0.69528554852957936 0.62610664680806172
 0.26936355153610742 0.47037209875462788
 0.40671561097078862 0.2643138463065911
 0.69096100401389915 0.98988100479868102
 0.4594613786589416 0.97669087049091885
 0.66395349058280151 0.74994839436751237
 0.3744082040815277 0.79182199160696243
 0.96288951488568708 0.18369738313529255
 0.15181301657901697 0.43295456812065075
 0.21409739549904633 0.409663752817293
 0.6699585273738492 0.52477956961399397
 0.37373049885020776 0.84703297851877601
 0.94178190318641197 0.30253122584443931
 0.37532183493410226 0.96107028291286623
 0.58117609330356335 0.96143887891176338
 0.91419509913259211 0.4534417970694728
 0.21175750447309133 0.43745503789743906
 0.18376535584584769 0.25652976783572073
 0.36513895186442952 0.23714608139963494
 0.88907110684749346 0.10207400959654404
 0.51731293906965004 0.44288459801581009
 0.57685611913344959 0.21672780596975533
 0.52654745184388252 0.71567008940852794
 0.57866336359304582 0.62657993090622854
 0.76588000742364137 0.14161309652947546
 0.83122696986292754 0.37264782387324996
 0.73712739203493838 0.05628069054085609
 0.53028314384196917 0.2283962428933301
 0.1091798816206782 0.73403104424695609
 0.76220872732486689 0.71799317830955722
 0.19702640481455275 0.087510545652284041
 0.02920517706698238 0.74608410108392043
 0.10511768428914629 0.0071611887960956631
 0.87473624660272054 0.94493065874244675
 0.01036650931359533 0.19750517812435014
 0.60756378050312532 0.31166272229399267
 0.50592886907525558 0.39269531872184177
 0.3055833514565735 0.88704669075980003
 0.69280140233910548 0.21698192559129109
 0.54114375649173863 0.21845683412814992
 0.69286286888924198 0.43323520338279714
 0.30780994090799313 0.39678931663538847
 0.25737885267416633 0.90216346437980321
 0.81934587018061145 0.880883996277254
 0.50072219509123861 0.61439841017162233
 0.58091480910466131 0.30248211983601819
 0.76657862638174012 0.55455741925186453
 0.25843551025077288 0.4174854381204875
 0.66297655585524728 0.32878191142995322
 0.74711015227594679 0.0056601839833732457
 0.18254358247629771 0.51530361800204572
 0.37850503342944403 0.26909406285729082
 0.18254035238560645 0.9732226147177957
 0.93336137597132007 0.5181588777625652
 0.34920667568944591 0.5774826866600643
 0.84651603410219078 0.10440904943258204
 0.79539297859293001 0.92492382828429009
 0.024942495258402798 0.20603017439408483
 0.37257851698387884 0.16867344260380096
 0.53352244655306147 0.31030067668996325
 0.03473546032611767 0.22560101247290626
 0.93004045766822063 0.31250398041736788
 0.59592646563511886 0.31297173174817777
 0.92395711254616508 0.28003642431925296
 0.57101682726272351 0.88463575784109805
 0.07577439538645174 0.75646686468492708
 0.29094083930612563 0.17945363852567225
 0.79979057854525126 0.28052621835600572
 0.3749382940519192 0.36786753786597609
 0.3725043641428028 0.837795086109837
 0.83934157105409901 0.84806554745335005
 0.1063340200169937 0.27384651361261519
 0.40120993274177535 0.96818882221062619
 0.82862635202586887 0.97321466682789837
 0.95756609447582974 0.53120577296921589
 0.93759745846101417 0.58601722497890818
 0.90351426330797857 0.71597780582163562
 0.70688062289326481 0.5787341682241981
 0.51889277929206523 0.77732848463383641
 0.99866248234254718 0.39901409572154017
 0.019554322846176687 0.051940457357075906
 0.70865049699185256 0.29185891948289294
 0.57393961226766121 0.29295287283976851
 0.50191601237913297 0.21229803332639169
 0.92781411550600201 0.90737595614222377
 0.3751357981488031 0.41296414760010797
 0.42067437546582681 0.44285609105569496
 0.71537500935674336 0.71232058672683429
 0.075104217787785796 0.9302403665099791
 0.35830633299559239 0.37986032327527891
 0.94942694972819819 0.93252589953692111
 0.025194422627601899 0.18677610474076217
 0.36172671002741369 0.67949125802661092
 0.79697790443885852 0.26263648180539229
 0.62348676302930439 0.60776331069106826
 0.10104345657568996 0.82090407190303261
 0.74065551666261076 0.3986458016101419
 0.59598222027154335 0.047044898635032292
 0.95126839513451955 0.43689725010232955
 0.73752307032518916 0.78426748520423606
 0.6172467232885861 0.69686183515448363
 0.89459336712981685 0.43813952752991964
 0.3341139601036402 0.048481479257776947
 0.16721656932085854 0.17984456196879101
 0.68321807237379373 0.49370120779473564
 0.49855068882284398 0.96617538672079628
 0.25352743871109623 0.4524986065950059
 0.70344132704761286 0.43758965766792574
 0.92820597966466512 0.52252737169918162
 0.9558124030059254 0.54525838948692884
 0.52735326868711396 0.247302559157562
 0.72136396270456649 0.90956573260046891
 0.58007973618537911 0.71995066103599092
 0.38168908973475041 0.77152308567734562
 0.76239113765599431 0.31534231998858769
 0.41018035901140742 0.22172958336654175
 0.65559493335342134 0.67119266365958774
 0.0086715915959876717 0.56940776511084057
 0.35620893171565088 0.91482407390012976
 0.15240122265793826 0.57186866529349456
 0.012856111444136387 0.067098051984009796
 0.65193975108544477 0.58719536517414417
 0.94548846370656292 0.96911580233587369
 0.62259116837895612 0.86600446506577633
 0.13981856748200189 0.39826906169667003
 0.0074309690825878237 0.66103588460964802
 0.23424693452634543 0.50471966393072276
 0.72757496663125876 0.15861285863140356
 0.30148415674408585 0.99214723185267861
 0.86621730525625518 0.30497788932714537
 0.9421386576593499 0.63717040529735514
 0.90180979122098792 0.92654854199539116
 0.98255495430258588 0.93516454219398282
 0.99799371857319963 0.5281157465643137
 0.26410610628901049 0.81927023990102665
 0.21459672427274551 0.50832849065554431
 0.36689996652049711 0.63403752458920015
 0.082617238953445901 0.64840489908800947
 0.5978774629070247 0.77623107584994333
 0.23259304418320953 0.97813029163508447
 0.49599046229309546 0.89457988440718683
 0.472366229162197 0.44063147171712863
 0.7335047527380143 0.52339525949399757
 0.46409846394163828 0.30708602615779018
 0.10148997201133252 0.18159095812827902
 0.65536752490310113 0.14818468931658818
 0.60198148548319563 0.57926649691000165
 0.34367101093166302 0.47219689419225824
 0.22439721309013388 0.49836456575237248
 0.49540766629706295 0.22720930565693903
 0.63994916122033108 0.10007024784249201
 0.079926856356374906 0.38876649912138389
 0.86632185641296755 0.12771676968147389
 0.46388416719843889 0.13276836887290261
 0.88739830027527344 0.14276060123654605
 0.49685670544122001 0.23549683877657274
 0.43546626884177514 0.35153653798796564
 0.93322298124516334 0.94861573779029373
 0.41818419282232605 0.46760495370538574
 0.40336915905647358 0.38931536941056738
 0.23903447694695285 0.19597346318659331
 0.9531494297000731 0.61511299335324154
 0.37969154583734382 0.066305712653179902
 0.94463433436896593 0.26798211529986121
 0.41265390929064555 0.62867744449388652
 0.092032164008274339 0.51851674338954756
 0.040854976000225959 0.33349934683220511
 0.84096887472732418 0.6118795371235688
 0.88119825950133979 0.067153645226155453
 0.17315625460136969 0.50163169317724599
 0.47325699519201797 0.64459686181771336
 0.36313108813968314 0.11713400922664068
 0.31133574698897809 0.41017885189895503
 0.66182895776248984 0.92039816438217692
 0.038018180476841287 0.82549148787463533
 0.0080077218117941447 0.47666239548615691
 0.65401497701785849 0.66334659987528899
 0.57434981725898016 0.33081981576301261
 0.026607978719448578 0.65545743010749169
 0.56291306884294467 0.12837222989000768
 0.78820953510568093 0.74681964545093871
 0.46276291331455061 0.25554518162802525
 0.70189833010733549 0.14980349497202955
 0.50799484891330648 0.34018282229868696
 0.49797222336577324 0.80374022499316267
 0.1382575999356595 0.043390239890564938
 0.043771615471225919 0.69750880488781231
 0.45060851822937903 0.3535415636592219
 0.63134420379049994 0.47790124908705384
 0.3762261698955392 0.19887659796551255
 0.68455395803196106 0.92726552641465609
 0.35180175095178617 0.17911903886184039
 0.54471117716153761 0.82332149772596075
 0.87287978513021214 0.11631756204439829
 0.69181694031920038 0.073962441302210011
 0.95641871062898753 0.4484548891431272
 0.21724845273238774 0.44663278767595299
 0.86071334611979333 0.48664200576529121
 0.30285940844537546 0.93097831053272428
 0.025536882836468756 0.040502292768216416
 0.52540001996369512 0.22568187368245013
 0.70162275280485809 0.0070792239783373121
 0.73307025877673093 0.39060689752294936
 0.12223858278642867 0.83144144772553763
 0.84842459374636203 0.80123633320739218
 0.97262480188355205 0.17436182622356372
 0.18456305433003767 0.4879344870012931
 0.65028697488450027 0.42033650274583784
 0.2878307391868809 0.74698221887713079
 0.94270954125112671 0.16567966499389813
 0.05108950541500494 0.2834057728381057
 0.020859926334452928 0.72044427926042554
 0.425730357416994 0.10491588326545047
 0.3209009058254127 0.51752891449719862
 0.36828226542718728 0.37022948620020252
 0.30481228389896847 0.73169223066157185
 0.31189083468010764 0.89888500990321174
 0.7207926635693529 0.50005753465970193
 0.43750728881086992 0.59109772007298522
 0.3896529140904193 0.43561225857799751
 0.66195415642604116 0.55214873630992123
 0.634859495890152 0.44905807688125393
 0.13390130990533683 0.30071296400181663
 0.53127949080229864 0.30492277361655223
 0.31781934298899733 0.61485191419972596
 0.57963538271988457 0.67970438262974942
 0.032461261200893585 0.3744997799473026
 0.091667230191737989 0.27450027148435691
 0.264771011538739 0.43560323442762888
 0.56243189564350449 0.63904509029499035
 0.86484472682464819 0.8951694230109658
 0.39142942436225886 0.75093973544526327
 0.29676084582991386 0.79275098400104949
 0.036602382131048647 0.94459467584350743
 0.21384668549903413 0.16932424445733524
 0.22438041088907773 0.11216324498362577
 0.10717187822380229 0.67307595169141043
 0.31234461224010907 0.58319950992770841
 0.54089719970514882 0.42579768587453276
 0.79156690001410823 0.75009125518743658
 0.40564562640673379 0.64347877801373354
 0.046857523989848368 0.01720645543397863
 0.1735832612186366 0.68423779503073512
 0.30360396745087065 0.79575424219443813
 0.87725170006982145 0.82056898226116437
 0.86285440808893898 0.076835814174718339
 0.336218318919623 0.052962064166286391
 0.18975980482120852 0.081608428999919089
 0.50253871027026908 0.23918028500875738
 0.58235635520600426 0.67752921909890829
 0.72879033731119303 0.18733379620718843
 0.98112127334940258 0.56093522019194375
 0.74114751177931137 0.81440356392836721
 0.20619015211109454 0.7623693230959413
 0.76314940718700874 0.86641856961457764
 0.55644216654408596 0.54858677553620716
 0.2666825163000191 0.27210217489876448
 0.79818465934394878 0.60349855496598381
 0.54886809768373968 0.07099474588349268
 0.8491630597430494 0.5152418428582074
 0.65295844040256412 0.54276228025277629
 0.25473153171572399 0.4849222363633709
 0.53004803717668891 0.85261893519434273
 0.25946750711483618 0.69555866287803958
 0.099129740344113079 0.75773012221659652
 0.36290855208459744 0.53064330420050387
 0.37357657676734518 0.44116852510585841
 0.021250410282666322 0.81884921170562353
 0.71371651488582299 0.2810383048297434
 0.63293513623472342 0.31341461069193971
 0.61946047112921387 0.4630481820756433
 0.031856512611950258 0.21941137233261471
 0.77734041547442367 0.23048102418913746
 0.79336502125494601 0.27033198051578428
 0.60139408007315942 0.31115913930156497
 0.090015203162756949 0.32322390744838519
 0.43829263369419064 0.41342566300985056
 0.86747902419244416 0.39913930746143628
 0.7500943806838376 0.70418616341164253
 0.19324129587840461 0.15225657799235454
 0.81906180360297298 0.12177004223303105
 0.34595266756623005 0.9582242738422454
 0.95177009729366624 0.89205768163402843
 0.28877564860459076 0.52413709028691302
 0.54712956444907856 0.64421799814453529
 0.054248984607212766 0.051336062814407099
 0.54585711168265016 0.26659426359404709
 0.6785228966979121 0.73035091555277554
 0.40425956765683652 0.60301922188913237
 0.011836780292424676 0.60447771364973912
 0.058527500149826148 0.94717823746860719
 0.57674494334038107 0.4513310420400754
 0.15138291206754723 0.22342194637667884
 0.35237953366712788 0.56061102613211833
 0.0098429894622719567 0.87592906966052608
 0.24844104295829089 0.0027641679030828035
 0.55949584444614764 0.39640557545662142
 0.44899045764293327 0.79484519787053753
 0.37430136291813237 0.87760406267827584
 0.63459544636851761 0.39037639914329353
 0.043558289398729008 0.05444962969478033
 0.28522065794712564 0.038684546016645768
 0.22137616524464304 0.82122114844327487
 0.85918779263916611 0.61485868380704256
 0.18831391837054917 0.34724019773607812
 0.90140717271209936 0.51283520122520543
 0.59150437733046357 0.91884294097693764
 0.16818159472159461 0.88538839176703332
 0.080762827217754671 0.60563793402514388
 0.69494368821110464 0.63347823917337986
 0.21184669827194097 0.082906035961772637
 0.22477735419039696 0.30280341904515778
 0.55500902343710135 0.21192073620880331
 0.30505710641890166 0.20847190126330134
 0.88753081939161416 0.8321367001789689
 0.46406246647617083 0.70501462239615365
 0.77059185623091064 0.64477765869371217
 0.36523888622955486 0.74112652775290455
 0.79822120723847978 0.54531377742680975
 0.40371040693126709 0.43250202108834418
 0.81706157960308057 0.98807858050094688
 0.76699443754846386 0.18284943364695999
 0.86436760512254873 0.20391918937343606
 0.92145624750916566 0.61865432070009807
 0.2800122545236044 0.93333940776409141
 0.93187086747173264 0.66923280245688521
 0.78787239904648554 0.067727240280973697
 0.94759156687616397 0.99584352643957463
 0.0057532579997200848 0.66032590986702
 0.37695631782856648 0.077326938376538298
 0.089021299529397677 0.31156976962492072
 0.6262542077309563 0.52810179049089123
 0.68272795226702632 0.62819384481906748
 0.95493306328211314 0.055348726726332773
 0.56826479593495116 0.51168439651059472
 0.57262309207480622 0.32564580107428381
 0.65581481545655429 0.15514412515479931
 0.34519790730708583 0.93387654949528875
 0.52122509950866602 0.85633592950903958
 0.17198216320095444 0.77198581624158669
 0.22620243256351752 0.68264474189233404
 0.84482845202465728 0.37531264547666982
 0.13755434606644618 0.47915483097400929
 0.14727788264292768 0.69764609665214838
 0.36635250218337428 0.0081871948651102595
 0.19527393681567345 0.87265499747113684
 0.45665052815771662 0.54409445518603117
 0.25483610250743077 0.66521641651226016
 0.88503932655312378 0.75997499847693928
 0.4657094788537825 0.03619206816267799
 0.018107582099043774 0.036347935731541645
 0.44814759761467188 0.8399599375286575
 0.014766937026178085 0.85742553690210588
 0.7492854534779646 0.44621444590289711
 0.46297451162539799 0.67861489885420712
 0.27853683745118535 0.4150026943380199
 0.78066590330486707 0.4015301394154967
 0.42217876623210354 0.47877701591248129
 0.46692123228108945 0.62748631745889716
 0.13442943284566916 0.87970051085147105
 0.58279400854769381 0.15755228090562673
 0.70226631153751939 0.23563907016916791
 0.0053172136221455888 0.46243493104250283
 0.87617616467967596 0.77927236123407839
 0.87275691412077838 0.17211481041388793
 0.63939165650065011 0.59661080512043263
 0.79217809764766467 0.70363810664665161
 0.54048293191568397 0.32498950767822427
 0.61445512181538686 0.24021579520964903
 0.59426544504271051 0.55026022627777971
 0.20613994666917984 0.65337741624100587
 0.82406103579402867 0.048642278379806544
 0.71351827069047047 0.88287681795431838
 0.92841424947989448 0.39210219912876793
 0.59213596383717437 0.23016798837864111
 0.47136779286515745 0.4199945078830622
 0.72860483608609072 0.79772966362434139
 0.65205561129375966 0.40016610800209612
 0.7792527917537212 0.53460118037867632
 0.8356624866422856 0.74324217207071075
 0.72397604657395354 0.65580555606945279
 0.31844835962806511 0.34565493381916162
 0.88696636934005824 0.97768015366342809
 0.91972816658984735 0.93200330626681149
 0.30773754576022888 0.28732129988749083
 0.03224766086733992 0.49744562166567247
 0.069752825317931963 0.52354222678402773
 0.36554046340342178 0.65904632077417202
 0.79684333979449318 0.92182602598149777
 0.1042349637677568 0.34582367167911982
 0.58329217504031317 0.26858251926832394
 0.96413460038944698 0.54960584191177997
 0.8956092863537739 0.38010316921621184
 0.10063428064016881 0.35849599778820501
 0.64879155785651399 0.085279248523252679
 0.018396881031281388 0.92834395478245668
 0.87429265065411443 0.78795120052461376
 0.76782469942636289 0.90621220363423749
 0.88148454147311639 0.24188697328764402
 0.3797142983722967 0.46499908741343315
 0.65656514140781363 0.1955451754168826
 0.44454920017290428 0.89548561827391271
 0.89619554497066745 0.77399109660618082
 0.66528820888587437 0.17383668142224223
 0.58642953546522514 0.72216762497888998
 0.53029105773269836 0.16462683451495136
 0.24265842464231197 0.44257435048049382
 0.59834649826529507 0.46795645376000689
 0.15288682942945092 0.61490352151920868
 0.86998710305061411 0.48722958690225765
 0.90400001576871158 0.16164048584874052
 0.21867723383549847 0.87609169081829519
 0.53007995304968092 0.85989420724965759
 0.21127217944548832 0.25209540250518075
 0.95705534128530545 0.59459228523556296
 0.78498520685076989 0.21387643549726448
 0.77007129644292771 0.84004851387576951
 0.39777878777092684 0.71922691290783958
 0.39123685483800269 0.83583456740348561
 0.74335092028469141 0.75678311368893525
 0.46962403974136896 0.2462389509524528
 0.55450868186975832 0.68367995189680941
 0.6417836795851678 0.0053076798181830752
 0.67468653392706157 0.34183297181934164
 0.24241636940440087 0.76934458403958483
 0.38805133180879098 0.72191658097385303
 0.81813989973716927 0.62568530210902762
 0.97074366040968374 0.081580751525310011
 0.0026950935046606171 0.34260827670165467
 0.098960679297215345 0.2097147141272156
 0.018040993200450873 0.77137746561009657
 0.94264460919223325 0.26380106665499509
 0.61554727785336183 0.83159285052234122
 0.6514810867199643 0.74895456212982936
 0.0041845082374667884 0.25046277054606086
 0.67872668598320973 0.30092197198805509
 0.20897659244802064 0.96899658435445657
 0.053232830084602153 0.71770551905819491
 0.1834043738714119 0.25203581834315031
 0.18070524269631477 0.67412860121597973
 0.087897660837130506 0.87598246270931646
 0.74232580772465151 0.55402009300215171
 0.41926157136601611 0.74291664961496739
 0.99874508842658716 0.33249090451973567
 0.32448047009234043 0.39862155202045518
 0.020227401908549592 0.97387923651035024
 0.59785397031139031 0.46451516923223496
 0.22042577491805465 0.33742447461163455
 0.54967015962298715 0.45232729635726249
 0.47003024552779654 0.78630721428755146
 0.63111304594498085 0.43463995644521097
 0.95360148357318542 0.77028289047535492
 0.63594844514860371 0.89220203682203836
 0.72869243994438548 0.20226113866243572
 0.18525672678091237 0.10628178024777395
 0.12183108287160586 0.83923761663404683
 0.62809811504129376 0.32144774255150738
 0.21584663551656341 0.99813593009545887
 0.55252895297375382 0.14663026867229983
 0.46229694143200201 0.67037499613589058
 0.16405530994613665 0.68633491703373062
 0.93919917626629434 0.13085825694875935
 0.86779530859634058 0.72107249385132322
 0.28905492895516677 0.79859364873781369
 0.011409374333062595 0.19764008800934058
 0.54017241135344629 0.80965069238029197
 0.040830759657371637 0.372236663874355
 0.11009072448597228 0.011997686723206714
 0.50188906581264559 0.65638010275815706
 0.17028577824708907 0.45245878159360226
 0.4913230665542509 0.26669913232445946
 0.16479516254985332 0.63585897630036192
 0.51600515875591435 0.53714611807366541
 0.93837219899185431 0.25403138049175583
 0.8641980843704623 0.45996525811541616
 0.64664277767713074 0.0057787453794108544
 0.88479968808399834 0.63691389733997084
 0.54583316580903485 0.98520117882436775
 0.48350383777169065 0.43363170635481069
 0.095733949899408574 0.91516925419495376
 0.71332704309814199 0.74565751682375703
 0.47671951092005088 0.1599144974830527
 0.032806151764732602 0.38758650943301637
 0.2851824556087495 0.39676337231030451
 0.82603237572698196 0.43097323742912824
 0.74216812367418072 0.70364950811060079
 0.67248713245233283 0.080816749185356238
 0.76360612694446983 0.040545587566648764
 0.87778956999772317 0.17823825337942995
 0.59283536697340355 0.058172647608964831
 0.60787879591732752 0.13590182767734543
 0.39175567567755581 0.15556741911015631
 0.14058142106946986 0.7294243745935215
 0.89213458418567226 0.11656360429028893
 0.015199391123738294 0.096907877084127445
 0.069504721102989706 0.99135805385865006
 0.19195164046339069 0.54617665037225993
 0.97366090913114567 0.41950921840842642
 0.21409795398538173 0.031068324500343848
 0.415826870761484 0.78117199074720423
 0.01785642768284772 0.2403621336905018
 0.10629932785635902 0.55183860851150002
 0.055908455108659869 0.33009040277056317
 0.67845952691492795 0.83879681859200472
 0.26538559852355742 0.1254077030106206
 0.0553661391448909 0.87855262952208724
 0.1099227062093016 0.24656161988543662
 0.86045642360414498 0.38526238910916627
 0.68218339177275111 0.045900277344896476
 0.91542489403088123 0.066982481054741846
 0.20827948150519987 0.85587223439653393
 0.56095586211646653 0.0034652508587792894
 0.99699966867022716 0.017035422749742946
 0.70209330697973804 0.75585907380940143
 0.872907029110634 0.4831812532482514
 0.66374093704803394 0.11755613027648119
 0.93638131666713442 0.20648973804445109
 0.51389847340470374 0.19538221561274632
 0.068698742153461875 0.23709306319602169
 0.31644411409405365 0.12613721993611832
 0.42028113730883015 0.32611927160469784
 0.86664971664238677 0.16532434017660375
 0.71526216944777954 0.35708623128757783
 0.2026953523857889 0.30411636624941246
 0.026662459942349438 0.049722034355379072
 0.94401940806342977 0.65301658190413414
 0.28788869932090239 0.5104397218310236
 0.53069870916741169 0.083010984366262905
 0.056380776252904538 0.97580980489135483
 0.42469881910626944 0.73528805033274902
 0.14853497714166125 0.29229762013768484
 0.68779767089419863 0.28889548446297503
 0.58311622891383752 0.51464228947372304
 0.63864049390242805 0.78588669484464424
 0.36995206408614573 0.73187746835661072
 0.51480148863308928 0.098177397212256198
 0.29220787993706526 0.69202024383854632
 0.26340445862478207 0.29914465534243789
 0.97536280485135518 0.66481803342881252
 0.92643852321572828 0.9039942989354478
 0.71991262071181239 0.49443351099446425
 0.020751356209206918 0.86520078248983601
 0.9453110992877376 0.18530198444478979
 0.26467807068875276 0.12865333940944096
 0.40985277501268352 0.19106121670325821
 0.27438339240329951 0.64835786410052321
 0.31647287734060264 0.77927774185044552
 0.022297220080843828 0.66195867000970121
 0.61702792414143726 0.32021995030914002
 0.99861598253950645 0.56931279660553624
 0.43964787121372279 0.50940962048015248
 0.95141387266289323 0.58326808577208944
 0.40665157388198386 0.53112169462426462
 0.16648620310835788 0.81633379961348307
 0.26440550370815213 0.16135298389965153
 0.010149368955126681 0.25805957226496962
 0.31558265750623987 0.14557708877741632
 0.27084011044314332 0.41328288554376197
 0.68216433543180688 0.74533999457339939
 0.98794430504630126 0.15334868764500914
 0.35340786871256086 0.033195077977039841
 0.2196605566179079 0.47303430343527492
 0.3007175720607696 0.69717405037181035
 0.40232096077688245 0.79832878993934586
 0.77923586353197061 0.10540252996086145
 0.79523002816658539 0.25045946868778174
 0.53102920953467181 0.67971097945157555
 0.94975544082501984 0.45869788398103678
 0.96214915928352962 0.36721982081525312
 0.29138180142275066 0.64852970839605573
 0.4865310628190172 0.39810388214696618
 0.15994175059935983 0.63194963677264515
 0.37772809983660555 0.44604004730213548
 0.10347871008303437 0.36700627202489738
 0.083881115394400838 0.55117133510493166
 0.5302179723039484 0.70930963039131545
 0.39862866370727218 0.03694711207088823
 0.4997892771751527 0.37444354804065855
 0.011298785523816513 0.20488455625382335
 0.15015799075187891 0.6432490951273736
 0.095038293060544163 0.51188422629916897
 0.262810057659636 0.64364867008877236
 0.54599875465220138 0.86160385232920511
 0.89293370509938041 0.038459542468815819
 0.85650364456446348 0.29956469529418511
 0.63854833832163871 0.28059281479341408
 0.11578926550658057 0.027688499426842639
 0.33404980220835828 0.25315259031276299
 0.85821466279886394 0.78815696998130746
 0.050784861154553648 0.48301103028881659
 0.037920715381647804 0.44395419423118571
 0.33384635156641757 0.81997103447566932
 0.93771115158368734 0.22780648701422584
 0.29182501892774465 0.84171033922678762
 0.58043508302652314 0.36977533880942576
 0.07321128851538132 0.69555780310975313
 0.013474274568430689 0.80072170942163923
 0.13035215619090229 0.92452086024462898
 0.08300990320294481 0.77877468929760618
 0.84802001372058511 0.40975481062406821
 0.38977481475540104 0.28408501128558411
 0.89877575748352556 0.33182855655551763
 0.07655395001372016 0.9304138404866763
 0.90382134597068942 0.83686797717720329
 0.058917533006331888 0.065196353359155565
 0.7591509450565993 0.58861586277787326
 0.92053936824002369 0.017984051498739096
 0.18068311445359336 0.87607150701360215
 0.30230286464713813 0.069283692581442111
 0.60859636868793043 0.83277429162417915
 0.90763176094519904 0.63211860702251133
 0.40132669378257352 0.57452217307116038
 0.52683462096350264 0.77724905719224036
 0.22750836661538359 0.74875364541136202
 0.67670621624867922 0.31993929076526856
 0.16054355776703472 0.37268790510257815
 0.29432146690502764 0.66482092791047698
 0.46096430854042098 0.76576805760694266
 0.51547706675165095 0.10970782724310794
 0.3066275171532204 0.43920129296590288
 0.017621008978741127 0.75831743873696889
 0.42335587750263676 0.67700986713372668
 0.34425842009102064 0.35627616451697769
 0.580885426983623 0.15425765535318409
 0.2679369297192476 0.043930035230862405
 0.18040678364249801 0.68040311565708333
 0.379601633302801 0.93523774383658065
 0.27039908284955599 0.27856789355105444
 0.10353142542760478 0.0092818345781271912
 0.60633199249281089 0.80023453346143114
 0.89494209021499838 0.49116509170793349
 0.2490285992990417 0.85754336647510077
 0.44034253490854186 0.29532673278542781
 0.87168317672873175 0.82141982481347298
 0.52475429226436843 0.68102397322519892
 0.30131752935510742 0.84678218106319991
 0.69426558836699215 0.79352653692029729
 0.57051674617854653 0.0035890784436272581
 0.99066089684094039 0.034699506633399865
 0.82981401203633698 0.73677829574846077
 0.45426426314743212 0.87049144361230035
 0.5273845935097593 0.30821924364286274
 0.65739224790310535 0.78980692094274008
 0.97935157074429768 0.63210845791981818
 0.45548529641145713 0.3206632260114945
 0.31906807028287282 0.25069729011455871
 0.041149835832574963 0.77749952988956894
 0.30796674203894531 0.10103851257247069
 0.045184129032216844 0.90883280931326471
 0.36298381723988821 0.27618471540385808
 0.95774788449714587 0.32023630489216398
 0.56522499751986144 0.95871838767528539
 0.64828694429638567 0.13442978749655438
 0.96599740185041738 0.97732865033404026
 0.77723476748045695 0.51219679111523775
 0.34668906839422681 0.25042569683858679
 0.071348132404882178 0.150709578112528
 0.67351768956405977 0.18047940640879151
 0.72623331282734316 0.76390201267104729
 0.49591240583619339 0.77419108783325041
 0.46910849506942581 0.82859302186173389
 0.44445779598430474 0.84250205887856577
 0.039702164865412157 0.76829407462021782
 0.28445647910540178 0.0051329870061466608
 0.95051930107555527 0.59756325548070655
 0.87049974433263555 0.69075563111904059
 0.1312462782424651 0.9970742523016537
 0.054618572848392596 0.69792800984114711
 0.22034549530198227 0.89475722649908684
 0.36356197537605378 0.954034525499588
 0.96173020832255707 0.16888872766336066
 0.54958307010224283 0.57374524325175058
 0.56219166445926771 0.89914363501799077
 0.82430228124631688 0.16238045279257579
 0.75118816058111904 0.87298983736824842
 0.41513298305988039 0.42354131767341113
 0.47919556754428466 0.61385639654393132
 0.41330116602325834 0.80958199546137144
 0.063385416568340555 0.4708874369546055
 0.49007460225103144 0.55579374298637163
 0.64928642787394231 0.8193299711814912
 0.15874741717665181 0.29215398700720391
 0.92033794056687934 0.6847290175455405
 0.87341059050637448 0.73886318807106544
 0.44508701164329395 0.59925595768049467
 0.22780792460693239 0.23910872246752152
 0.3433800139106416 0.94637205789572942
 0.33811313797937653 0.87577281413187791
 0.56795870309269991 0.086808235764125372
 0.60558868149627099 0.84074464258277026
 0.035073799785862489 0.52882871130082787
 0.18113758047266609 0.59732601960502651
 0.30521525595177273 0.96768563723047474
 0.046816311965314814 0.29890896856088295
 0.83681753919846003 0.73754537589851221
 0.60832796082601204 0.8780838297185064
 0.81543781660215431 0.80993684046659242
 0.99835170512032512 0.50495999670089298
 0.40018613413499243 0.47392816456142312
 0.99439632161810143 0.79532109135936779
 0.12751061723609253 0.24992847462983453
 0.33852316477817507 0.68064195419388596
 0.29948893322322007 0.57147519508511113
 0.54864258101542229 0.66287497884968316
 0.74822205539701492 0.44297129891553605
 0.21141606893649151 0.029561938224029017
 0.46668865842566892 0.32767076970909509
 0.29634776689684 0.88739472336286029
 0.82328597968493444 0.55185733828078465
 0.52294970489213977 0.2914088794678899
 0.11307550687391414 0.91680957834646437
 0.63114594779392541 0.93827809742279533
 0.69875850984548327 0.78632978748587312
 0.14014519640379069 0.14753648431211169
 0.70776981795321758 0.26525262420123003
 0.51933394588884418 0.31131037366544706
 0.8946214970813563 0.73783156871208611
 0.48627051389142278 0.60523276666750125
 0.31597393152661152 0.77829896326625569
 0.10039624699625808 0.72181604456076598
 0.19059000100542617 0.059456521580375662
 0.91377540251879297 0.029379251263159923
 0.46091609070022282 0.17942002559150011
 0.88543143905064259 0.1797748619537986
 0.19204220777554132 0.45239015836714663
 0.98807099201519144 0.47421417336249899
 0.92341565642703871 0.62647502595271176
 0.98277768470068483 0.19482804470416687
 0.732594867438076 0.80464672696399231
 0.93802602007107194 0.63665454853675274
 0.78640295435611696 0.51709392194612369
 0.78930675355550806 0.99419821616285631
 0.50550145905847232 0.27218547727486625
 0.53813123437439425 0.51943321923272212
 0.94970791563743706 0.9171471715116658
 0.8517114868834551 0.6310089763186979
 0.10211177260239561 0.24795780822575314
 0.89144392518586268 0.50834118488478308


