# Created by Octave 4.4.1, Tue Nov 12 20:39:10 2019 EST <dkruger@gurion>
# name: A
# type: matrix
# rows: 10
# columns: 10
 0.25628361826871299 0.92608021452757061 0.83207450598659083 0.44635933360614449 0.46924613135847576 0.61775139242030264 0.50009267169619731 0.1149661769670131 0.63355184033392764 0.89170855457017195
 0.10355502210762461 0.34897986201686232 0.79843037946232387 0.71728644685945475 0.0024226107723643196 0.098886739159205803 0.20687930124558179 0.42275351205383943 0.29684984072514492 0.4539152951127578
 0.976615453640991 0.55027544354245739 0.32831974401900271 0.01561076881550998 0.40924406461386792 0.068595368118835973 0.5211043116890951 0.89280236855378603 0.20785014808811025 0.21205229163016087
 0.82563729579700484 0.50959245878286796 0.75254948402327326 0.038719964852833286 0.55849729448952079 0.98076264182013462 0.60307865458052012 0.65849847862516575 0.60155096943148656 0.35395146073570055
 0.45296140051263817 0.50794567924509648 0.76970403330214621 0.93509803725249763 0.81664925663747556 0.54882981962338528 0.37344390494793872 0.14307793210494385 0.33412489416734731 0.93872170828986479
 0.5126212975475074 0.78662294978309877 0.5097229901421978 0.056406725614360928 0.34036929033204461 0.48125327911207244 0.94677740625169315 0.073075352023743309 0.37033219532630773 0.95383377420651216
 0.54603620561345367 0.12797514354073708 0.88022338928905153 0.48154514197173631 0.78384673421532136 0.5144502743155881 0.53933926203582494 0.26862793201124685 0.33489556648188396 0.52585662278234613
 0.45003985368235561 0.32598444041696634 0.97571946290052369 0.54232437329929495 0.52182481135765546 0.95192371175484281 0.6090671970993502 0.17079735382202105 0.38362126758934495 0.42397759685189124
 0.28985105353085855 0.20859714210984531 0.0026559661360941343 0.037655485278963827 0.47208362492713524 0.73491672597509594 0.73336448665705756 0.19792171744449366 0.1594375689161695 0.70518856546886355
 0.19746628959577167 0.98697429186968444 0.10957532158628773 0.093225469359300581 0.23196091205359831 0.1487992294137947 0.4273698288234658 0.30020827489885132 0.91541365087187532 0.61043148830541927


# name: B
# type: matrix
# rows: 500
# columns: 1
 0.36355529789613911
 0.23755798238627807
 0.8792932845790602
 0.83087384025355759
 0.87677384765323718
 0.5013259244533772
 0.31191029760192152
 0.2820801333188912
 0.78082092574453943
 0.82024803990419382
 0.88343920546077004
 0.18140230561998033
 0.94733638009230581
 0.54716832405302396
 0.086778145426775907
 0.49660125918465609
 0.90692062344302782
 0.038536161812147515
 0.46136416021163879
 0.27355079753179407
 0.43697959974564055
 0.94229899836589615
 0.98757264111338994
 0.42307642057007561
 0.82646459472105427
 0.23492740968737663
 0.85754592949459352
 0.23425279314608277
 0.35209902273377852
 0.011280284352058124
 0.10327858771406388
 0.67247453109474997
 0.30193393182693734
 0.14907976439056431
 0.9575682262779539
 0.48843689893261028
 0.92549848156451064
 0.866416232220941
 0.84460972192123251
 0.26833593620299617
 0.63372339331014105
 0.47550807339145645
 0.49384207441047961
 0.30814969665517361
 0.65957059329913936
 0.81238357661647875
 0.20067987798787007
 0.21871894743227488
 0.99428003708659041
 0.13621378104943388
 0.33605218900478567
 0.42763936794715535
 0.8134474316308522
 0.17077855648283063
 0.4314669665228677
 0.73910192745566861
 0.3493725967095091
 0.42282949236682871
 0.18043014652782002
 0.72798782093905079
 0.26578819577240526
 0.10199769833674326
 0.1947034135924755
 0.83587078087988897
 0.086198493003726992
 0.77849200311398803
 0.80241661099474904
 0.98234438465682838
 0.034165628854420579
 0.94988761073098593
 0.70711305715384054
 0.066823780229988736
 0.23594118351464949
 0.23116675577242624
 0.74569326968912686
 0.13527836779436914
 0.89740104826292633
 0.37771757903740538
 0.60512338233534702
 0.20797196383548461
 0.3288791229803178
 0.21018465379802981
 0.78537352912210179
 0.68049443510654006
 0.071443638098296389
 0.45377635073387385
 0.1511285723188997
 0.93519644837611815
 0.82888631796048795
 0.86929879417483069
 0.84296734988794952
 0.44826654735707588
 0.49501489311101882
 0.56750856571205255
 0.46039718698849114
 0.95875541094087613
 0.35563030414519142
 0.58772029711081852
 0.33162041839043038
 0.017893852382758802
 0.30817027459700547
 0.44696990048504576
 0.23535059441996503
 0.63097392258022145
 0.015593788784364283
 0.32903501684261321
 0.62705470386999551
 0.32256128618492613
 0.78074310509527645
 0.97253172306252866
 0.042861595012623807
 0.68813015599739014
 0.61765001597811275
 0.39224248766425523
 0.57150105556349773
 0.48014867800469491
 0.076415636018665675
 0.7524034209850381
 0.32300385776564605
 0.11783551991617917
 0.78439958008824373
 0.94681563540566382
 0.74775075754990583
 0.8352925585356179
 0.13534640499377187
 0.50390043716691679
 0.3892239419208145
 0.17071358002736842
 0.057657925291344211
 0.80432367428537666
 0.83814670108129596
 0.32099037540590963
 0.54268887366488905
 0.83100213631174524
 0.67030876238010439
 0.041110005326830332
 0.44924833825419613
 0.8510392637523333
 0.69545275301226883
 0.57923357330355829
 0.78664759520979999
 0.42871704991418574
 0.21195871890861046
 0.46086816056968066
 0.36246887919953802
 0.5552388973816953
 0.66138276078705416
 0.63481269369414972
 0.66289282616792511
 0.37159167670324106
 0.15632049912577334
 0.17850506030264607
 0.40184102441014874
 0.05540256325850805
 0.35609393251106897
 0.734815695317523
 0.78203052800972395
 0.80178274842431119
 0.53935407448800021
 0.3783434870827877
 0.43940015135571092
 0.78195505759552142
 0.045002971617263118
 0.54982263097842943
 0.64211889848878012
 0.62397996295352265
 0.078283981223301866
 0.77836247138254422
 0.736545367986014
 0.075039816701908221
 0.75396865935246304
 0.59871409354409144
 0.035990547751259913
 0.60273277856312035
 0.53931874047830164
 0.74665769763161671
 0.87855192453843278
 0.95916221960082348
 0.74396663696172072
 0.83482377173159328
 0.12745690371163415
 0.49256273169776604
 0.85242812381545985
 0.23767107365734524
 0.35763836157487344
 0.41209789871803187
 0.90157359890252353
 0.57493504817535179
 0.32436295473011661
 0.011886776347648832
 0.55782530973405708
 0.93562333303869261
 0.26635150838766103
 0.66365943272799865
 0.8424888961969067
 0.72196369546095862
 0.2075161241984132
 0.20967372791645739
 0.48415522489367629
 0.66242399730251733
 0.12500540262836107
 0.1769596399579047
 0.59123968120339909
 0.32098028682125695
 0.72892541876809314
 0.57142979705723063
 0.04971522407317934
 0.059919688071621
 0.30002528683857882
 0.47693770050486889
 0.48100342834209225
 0.22808153568389661
 0.68373982851936743
 0.28766216351789614
 0.13160233137273131
 0.79935309685272116
 0.90017473440626805
 0.8214174205086654
 0.65572681107846664
 0.95210273081601038
 0.027225493477197538
 0.66406494291905482
 0.029747526469299502
 0.60772838499707305
 0.98854434990700479
 0.46947935681869896
 0.41064760136946538
 0.1022694072717583
 0.756231247806608
 0.15739576412358319
 0.35425203284313184
 0.80513255725698718
 0.73016474593373248
 0.10095081225344564
 0.023337115160082345
 0.028556723211069324
 0.2781302821958081
 0.77287879738337617
 0.3142124500276629
 0.65883252699904182
 0.36270750875319463
 0.2188401711701991
 0.26828182351309254
 0.91121150681460528
 0.23964024605571105
 0.30120489950931323
 0.8425197535746094
 0.91447103771828131
 0.44071687440593726
 0.31574908062745183
 0.8143149149530533
 0.12045655372178359
 0.93788354038399591
 0.25746289496162483
 0.38261286204663086
 0.0031155143598444067
 0.9637677424867972
 0.46018989840357188
 0.66309731292745977
 0.82482805832233197
 0.071013194733189608
 0.53339212284216819
 0.54539983596979436
 0.4127287450965223
 0.56469783971753817
 0.9103071864466582
 0.63735520301337711
 0.075195796545005231
 0.55684431127132661
 0.060769969438328728
 0.19821252091315261
 0.13739400454040868
 0.93017985493014688
 0.57984747156739092
 0.35551973613193893
 0.8871284374937578
 0.57031365159710157
 0.13243561991759273
 0.90008083972093278
 0.0056419614087078072
 0.97175014775260027
 0.77235067542621516
 0.88464999974966851
 0.82691951331343305
 0.14160636121426812
 0.67012124116441663
 0.19862423293441828
 0.52779516366338119
 0.89031649802570523
 0.041046439173717461
 0.84440628687632135
 0.73100601879370197
 0.24544291609826779
 0.70713837896931797
 0.86909089352785018
 0.24747828725358817
 0.90640742848880129
 0.77298228753925635
 0.085927546888646053
 0.81611885590478606
 0.14218704488602446
 0.66989640847258725
 0.1978987833174925
 0.13502984856523353
 0.43115655079652931
 0.08724608115467207
 0.74562879635454715
 0.17260302539080014
 0.44987041316436832
 0.90950117489823568
 0.87508015964197139
 0.27921482288178817
 0.046633335243109794
 0.69125493562303542
 0.72380556984707978
 0.36828061818888341
 0.32196084611202053
 0.66008891099149658
 0.48217858741618508
 0.74616175890026637
 0.50077429000955864
 0.61180340061922145
 0.68405679693947374
 0.37608111793806881
 0.077117159838520785
 0.79111283345557804
 0.49779267459141091
 0.48224227409091752
 0.49716490786772244
 0.33252459802924478
 0.86190527287675289
 0.15370551331276044
 0.69839658748094946
 0.10023857126522666
 0.19994753462628173
 0.55766820108348136
 0.77222040542119597
 0.63851124491197464
 0.15157068692481607
 0.093345416317324223
 0.635140573841944
 0.37268062521661599
 0.78531366990555651
 0.70750210350719045
 0.65296640608684919
 0.49462138707316045
 0.61272498524348995
 0.037351043217863908
 0.1923489512163668
 0.068231524902780991
 0.17437661853448488
 0.95064780781059499
 0.77473345615646794
 0.34065178388271916
 0.79348225629483393
 0.5261893814240437
 0.98575492812616272
 0.73477513490926694
 0.88034104170047467
 0.29132827534913525
 0.37012514170003924
 0.91519012173586634
 0.90069121453753687
 0.20229896085610338
 0.46788855417614367
 0.0079485135645686496
 0.58498104275153207
 0.13162745513462432
 0.023757095291961062
 0.97797815637808272
 0.63153370570734568
 0.18565354602505174
 0.82171711231535738
 0.55122874907116459
 0.73767765098920213
 0.45476458496096489
 0.20050957952177167
 0.88846026859451055
 0.099935393441316009
 0.47127674422481719
 0.074267068061255534
 0.48749226389469197
 0.38294118833801255
 0.35344892415415069
 0.008991261794412831
 0.041297444493188326
 0.90771324825359012
 0.43874578860486219
 0.64682712955420874
 0.038541958024351827
 0.86514268298742136
 0.74844962203446641
 0.93029927291121961
 0.30247255421479763
 0.9187700968434237
 0.4457265365309912
 0.65638291483382294
 0.69772798396400193
 0.65589380167307409
 0.071366431630323232
 0.21346447962738918
 0.37942867495056271
 0.17706283484164848
 0.82867005090277068
 0.52970859344891474
 0.48618626487180167
 0.36212771716806486
 0.80906260644394501
 0.15852430856928174
 0.39122152966341833
 0.80348108868971801
 0.52753571261252619
 0.85229939240270536
 0.15701982928767361
 0.56163241151548648
 0.31380196419542489
 0.51830840358304453
 0.41582789094557787
 0.41978134584286225
 0.054561442663250401
 0.10654823479906332
 0.16804442688747651
 0.86930589851836393
 0.14768864995216641
 0.97467163655323752
 0.89853974988321117
 0.11623098364152644
 0.71345683724725617
 0.61532029807147592
 0.029766791551821981
 0.57368575185541693
 0.19538395301863293
 0.69536988271172262
 0.72337431110326311
 0.026400281341475918
 0.71029774147759472
 0.42952817084267519
 0.23233570194918912
 0.20403267667242014
 0.92387605823888364
 0.012815135757865571
 0.31802837552854452
 0.67250532714339684
 0.41429847605056574
 0.87082639403523721
 0.028551191145253663
 0.47507879937889769
 0.39274337132324838
 0.77378166319908559
 0.67378287880454835
 0.019564615570340883
 0.61691538472116503
 0.7431220717110274
 0.041741824533247304
 0.54518037052671864
 0.12616307039362479
 0.60935954083114141
 0.47107928315648911
 0.091355672230329074
 0.51726236661009428
 0.32258786868491057
 0.91795447839087496
 0.80786319950118701
 0.57363205997812561
 0.95275638484378955
 0.22831702939387138
 0.57543005583903184
 0.81064637893673908
 0.842267181255833
 0.36859891836555597
 0.044347847568893914
 0.45722309438974679
 0.32740010467062691
 0.42670259798090454
 0.69201007303906725
 0.74041293002227115
 0.65110335921317264
 0.73462245372658663
 0.5101673455400566
 0.095143362768229697
 0.72765323165855134
 0.84933969926537511
 0.29224724306163324
 0.46270823302768621
 0.9317249907019779
 0.46810468467062188
 0.6736655397184893
 0.52506636777471949
 0.83548054519459358
 0.87165205103764232
 0.051915174539666917
 0.27778623766257377
 0.051866573127867063
 0.50942056580656714
 0.31124259379501001
 0.36972019922319782
 0.27996406278846736
 0.16330531445185698
 0.66677271101420332
 0.24574748666518481


# name: ans
# type: scalar
0


# name: x
# type: matrix
# rows: 500
# columns: 1
 39.697403281542719
 65.977524764752332
 -28.481547918184006
 -42.487103792178068
 34.609183515059065
 -17.801686572240008
 -12.968365792960274
 -39.055785463442405
 -44.759869973677581
 24.71923864060841
 -50.775417151671583
 8.8947347210288559
 44.795248870678641
 -21.311574720246334
 32.453319267842701
 -17.414744603770014
 -13.280513671578763
 43.582615387989378
 18.998603601183397
 13.114969957914596
 -27.514205372354411
 10.058399517423045
 20.97193560310145
 12.594550112995414
 -0.46254713933339175
 10.820707935727478
 20.872840079393086
 75.187458674065482
 60.672992484574955
 23.488464702063602
 -42.60817252771097
 41.561791015864884
 31.592268504443258
 -41.057593807682906
 -14.174696975575085
 -0.65442020840453508
 18.774871672560455
 -8.3711671944737081
 -70.542321350303965
 -44.191367978894711
 -14.797962245392128
 24.148984035391177
 39.031220940836342
 54.672402650649339
 0.92818463708231502
 -74.527900348365165
 29.275230678295461
 -37.351944678737503
 -68.84834353467302
 -13.444419204559891
 -72.486340570961616
 -49.066239320220852
 54.669332324606636
 -25.569076334280659
 -78.855198697416569
 -26.034644644468216
 -2.7350318934804347
 2.605392773837734
 -24.156626691245652
 51.17294260192331
 -1.8409374522002617
 61.064366613801155
 -6.2060316781473022
 -0.80261833603626942
 -8.1286580615426001
 -45.536402327395109
 -3.9350719744676739
 -44.220396981482075
 -43.416298382466529
 44.925045082835553
 -57.830363324269655
 -56.78853003335982
 -26.412264811353694
 39.819811107557591
 -36.059733746114937
 -21.6525198495398
 -76.739615141095811
 75.516317072702279
 49.610453747814738
 -24.705769757956194
 -65.618869250310937
 3.2158549215583947
 -10.710926467817549
 -16.986288822591643
 54.662482968022282
 44.882348895254765
 -19.760076096466381
 49.291627646591245
 -18.582069681611465
 -5.0144997353903014
 22.968786961672595
 -59.932122350350404
 -36.827906385178039
 5.1858376811427558
 -33.268727812044474
 -9.9739503284748849
 48.067353505127727
 71.356494173585375
 -14.634493089641612
 -3.3474860113618949
 34.562542809094161
 64.293636018342596
 17.903911630199573
 -45.193177295428292
 -46.561550859228596
 65.031286712783555
 30.14099069358226
 23.813888846037866
 35.121113941650869
 -64.501454333413207
 -50.469611695930688
 23.542697285209428
 17.46554158865845
 66.036213625958908
 22.04712725440957
 -52.460152265115809
 -34.896160644630001
 -13.939070130318331
 -0.062994126390494828
 54.317253662934846
 -2.5680934030283562
 -5.3895619311714471
 3.2121058653545083
 -29.676873117188087
 -5.0601655744796039
 14.125253261683666
 31.828630193912481
 -33.562927453513439
 -1.3731994319833882
 74.715105604401785
 5.7572018837657808
 -28.812322088521135
 -40.378629170532989
 -17.292204794648594
 -27.662394180995879
 50.13338973030924
 63.729680026188326
 -38.940551718618735
 37.61700282863486
 32.139685260887951
 -14.390817845110616
 12.189452337700724
 -23.055028592916226
 3.4941879842812993
 80.929309613672785
 1.0820259778658257
 -14.398477169781595
 -27.402721552439573
 13.411068806139086
 33.309783878028142
 -100.04324343016846
 23.871044384271904
 85.383228925156118
 -3.4771007361607813
 15.2036405381861
 12.524196821739297
 57.861428138022987
 10.610621355288506
 16.899517713986672
 -3.9668746496590783
 -33.783419720324332
 -9.0380377694101206
 36.534910922228029
 -20.506626958574127
 0.093938740230291473
 -6.6714423123225393
 -45.220023188769609
 -18.273610587900613
 0.55408091883101662
 -1.9488179841694959
 -42.682127134497165
 6.3480981480743557
 47.941981674011309
 39.451570167322714
 44.515777542508786
 6.3785223003992124
 -27.031768965008521
 41.979180212140079
 -43.082011324699756
 -20.946794733366385
 22.395823742318317
 -47.105482811554261
 57.255609343373365
 10.87190422899258
 46.96375441608356
 68.914426656247031
 -69.1589231425381
 3.3913170441175753
 -42.544152467921599
 -24.797187364671977
 25.77629674711261
 -4.30721147826599
 31.860411347988904
 60.62415556696476
 13.814708833360582
 22.049354354976252
 -31.991323619781671
 30.588159156803044
 -32.376767839274805
 20.105679278828323
 78.744770768484045
 41.251519212393681
 -69.610162669835489
 -28.614161786250158
 9.4720718146069096
 -58.341926193703351
 -17.27523745743035
 -5.8796364525614013
 -48.431112574177952
 53.187093996262895
 22.34382720140902
 -14.476711694330232
 37.388549558120168
 40.627310328294179
 39.374022963299218
 25.711087490421271
 -19.295093464774954
 -59.01147044764943
 -18.477933379940477
 -26.346568685123565
 -2.9908204384020847
 44.749451953852407
 -49.063517460658936
 53.335283064803484
 -4.6318119249299787
 -19.987249181222968
 -83.685868653247226
 -47.396741202191414
 5.3795493655356621
 30.083419570472582
 34.956863538230884
 -54.355615844733649
 -55.566371712702264
 7.8500766446333188
 36.667993574863807
 -2.5149179297862241
 24.692438065193645
 32.463248797850596
 70.476335534863608
 -65.731045855298959
 2.2788215997691674
 -1.2979627605553965
 -19.163715079774175
 38.893587764594848
 -45.569606652826778
 -97.796964182000622
 -61.856372134739019
 45.720669872618927
 -16.823098658605151
 29.721992554107747
 -67.888486319391333
 9.4278543340423155
 -72.781759525226832
 20.248896527956234
 -32.779634186692967
 -77.73357085950741
 78.151954921982622
 41.980542605211404
 -41.933703547490147
 -34.300959218316471
 -23.066384738976812
 -50.172719371354802
 52.031029158636407
 -36.882987949420375
 14.726089693488047
 13.965904560017854
 29.751425575629458
 -46.629502020086932
 -62.696157988297564
 28.865184251750449
 -34.897202286785074
 -6.8931620549859778
 -6.2737242900871824
 40.717768638633956
 6.3375483789010012
 5.2475006725880222
 -4.7879207951971647
 12.258646181902531
 61.811842062419593
 -9.2148774912606193
 -16.448174161494496
 -7.3256441086643527
 30.447943368271467
 -7.327965009960038
 21.481325463333523
 45.075518804097058
 35.730842828231431
 53.363447437030764
 56.045687145830023
 -45.186912857390389
 -6.5944186559273916
 -40.738879196267874
 -21.864216032704938
 29.429992317619316
 45.008270943941831
 -20.602384656865695
 -52.476586340517116
 -47.568948387111377
 -11.049374579739935
 27.08429369158149
 -38.129446283229605
 51.617312798815711
 31.748626031133732
 -13.427364040521843
 48.473287289024782
 54.899615191289001
 -60.339381421170145
 4.6989281582633913
 7.161318845556452
 -48.413947034156784
 -32.841391333905108
 22.507423529580844
 4.2792675657812564
 -52.228037063279906
 85.363389535976395
 -47.812195905045492
 23.163799011562908
 -34.472269382668266
 -25.344377360557004
 -46.265270657607353
 -6.7269060482933565
 68.915793360689975
 -97.912380699851695
 -2.3677425507579746
 -7.3448261875697138
 31.939097757977549
 -11.356466223755234
 -23.006217111774632
 51.483395971519101
 5.1039845730728626
 -1.9791440818694193
 -68.889742557094706
 51.932452272947621
 -9.8362979163301087
 -72.252362716468994
 -7.044523006027271
 81.341713751442214
 15.856510749943984
 49.294385096327765
 -5.1537752703124928
 -43.673202750896081
 41.372058684357221
 -52.100299816359218
 -21.419209551504565
 22.103455491638361
 33.238182949215208
 -15.575134400514314
 -30.533255473684779
 12.291090152449673
 30.047944174464366
 -52.749238274968413
 17.901709815821292
 -77.970671692929727
 37.078636201465002
 -8.9836549994003079
 42.20588356767383
 -24.608035245418193
 51.723750605402358
 -8.3431290877645043
 -15.369764253334365
 6.2956211546068745
 -41.87440574239961
 24.40619165353851
 0.55481250404593185
 38.505413407583049
 -71.457050154982895
 -51.072826047656392
 17.985740263492353
 20.976830672651243
 -67.018271683793103
 16.697404792156085
 1.9446590451248322
 35.892807639601941
 -10.549364786859185
 -49.389488188500586
 66.404088753270614
 13.68507065294555
 43.241015978299046
 -2.1217240068695018
 -20.887737140481601
 4.8252385481399998
 -2.525920748823435
 10.384348532866197
 13.51937958551736
 -2.16394334540297
 -4.9628274135677115
 73.743988755300848
 42.187178170256693
 -45.186146626285144
 20.534081114009837
 66.748076625530715
 12.670846567452378
 41.643184464963568
 46.196971530037175
 -29.751915832420277
 1.9163045398047245
 -9.7081836735611802
 35.107477814655162
 73.377345956940957
 -37.606423426546904
 -10.024290425825276
 -17.905895797489865
 -73.078816696664589
 -71.630193180679996
 16.023562586084992
 -44.927465967558241
 19.171457596865693
 -24.330862905680036
 -13.327911456534132
 18.800610969348632
 15.293648405347584
 -29.606090018308208
 -35.465544318999726
 -25.111820053713675
 -56.369857067362936
 -35.451876800938166
 54.811756118028647
 -50.761532563208014
 1.6695509282781476
 33.397480829229849
 46.415655837698374
 48.766734287726955
 10.426846840054329
 -43.238977786048316
 72.621936085151276
 3.912044234285883
 -86.652806024977622
 -40.866407923429378
 -14.057087269456922
 63.141607994093249
 -17.465903652872555
 3.7893249406922398
 3.1338337850890894
 74.915537128987481
 18.105619545014953
 0.075580756343261071
 -12.76810718763414
 -13.469095689104405
 9.1844365179409859
 -42.456485390125572
 72.283691627057138
 -46.044367960780527
 -32.15315584284302
 -33.557003440904815
 32.487935127593445
 -24.877093151101832
 -7.6085018254772505
 24.954244649085478
 50.438019368013492
 -51.94578245731622
 -15.101349428154055
 39.451635091014658
 28.338636797951896
 11.488206107419902
 -9.149208802389909
 4.2364599379238523
 4.1555651823989406
 -54.275765990999801
 64.505617495029426
 -12.665932161671986
 -19.206479829425
 28.474720641037951
 2.6079176309201939
 -37.353720151126588
 25.629132252444595
 29.494254435539435
 -61.221060349669195
 -16.619277567373526
 31.47165986025356
 -15.275523155802755
 39.208505825382723
 45.24773102072777
 27.308986554221672
 -24.004586807597875
 -50.846105603482854
 -58.754557378050087
 40.702848802114438
 -45.948379586269077
 -55.151125127383153
 11.597555789992493
 -28.47598187217897
 2.6004077469856011
 12.862725865174152
 31.978271984125964
 24.321606451808247
 -33.388216338317456
 34.081300963055014
 53.862076805440026
 1.0752167559254715
 19.973905990034474
 -21.572750092660037
 25.325345913545377
 45.81250313029264
 10.66844299654691
 -34.107809920232732
 -33.811427996292316
 40.624355505248396
 -33.489740524193266
 108.54092911135656
 -34.850764117053181


