10
0.25628361826871299 0.92608021452757061 0.83207450598659083 0.44635933360614449 0.46924613135847576 0.61775139242030264 0.50009267169619731 0.1149661769670131 0.63355184033392764 0.89170855457017195
0.10355502210762461 0.34897986201686232 0.79843037946232387 0.71728644685945475 0.0024226107723643196 0.098886739159205803 0.20687930124558179 0.42275351205383943 0.29684984072514492 0.4539152951127578
0.976615453640991 0.55027544354245739 0.32831974401900271 0.01561076881550998 0.40924406461386792 0.068595368118835973 0.5211043116890951 0.89280236855378603 0.20785014808811025 0.21205229163016087
0.82563729579700484 0.50959245878286796 0.75254948402327326 0.038719964852833286 0.55849729448952079 0.98076264182013462 0.60307865458052012 0.658498478625165750.60155096943148656 0.35395146073570055
0.45296140051263817 0.50794567924509648 0.76970403330214621 0.93509803725249763 0.81664925663747556 0.54882981962338528 0.37344390494793872 0.14307793210494385 0.33412489416734731 0.93872170828986479
0.5126212975475074 0.78662294978309877 0.5097229901421978 0.056406725614360928 0.34036929033204461 0.48125327911207244 0.94677740625169315 0.073075352023743309 0.37033219532630773 0.95383377420651216
0.54603620561345367 0.12797514354073708 0.88022338928905153 0.48154514197173631 0.78384673421532136 0.5144502743155881 0.53933926203582494 0.26862793201124685 0.33489556648188396 0.52585662278234613
0.45003985368235561 0.32598444041696634 0.97571946290052369 0.54232437329929495 0.52182481135765546 0.95192371175484281 0.6090671970993502 0.17079735382202105 0.38362126758934495 0.42397759685189124
0.28985105353085855 0.20859714210984531 0.0026559661360941343 0.037655485278963827 0.47208362492713524 0.73491672597509594 0.73336448665705756 0.19792171744449366 0.1594375689161695 0.70518856546886355
0.19746628959577167 0.98697429186968444 0.10957532158628773 0.093225469359300581 0.23196091205359831 0.1487992294137947 0.4273698288234658 0.30020827489885132 0.91541365087187532 0.61043148830541927

 0.69822818598492298
 0.86988524246989296
 0.022604050205573368
 0.88106750190627869
 0.47232702814355026
 0.12635995708949627
 0.97324535577015892
 0.20979354631127617
 0.53039396732069477
 0.99819340388158539
